100
5
1 2 3 4 5
3
3 5 6
2
5 6
2
5 5
15
936677 228320 757533 660690 696609 718751 52673 443373 547325 530785 885092 713525 567437 456376 233120
15
330507 345233 527020 208868 557949 482574 247419 122350 443563 346130 841554 525436 112256 691003 950473
8
29074 336777 50823 800616 148 640514 810083 801025
10
148736 297788 681462 549741 693599 597312 500767 980433 401048 528366
4
224439 615605 912084 516822
6
234859 328589 690342 222442 838360 448841
3
112366 883925 838203
9
933982 485686 621809 566021 41368 823695 375965 386456 302990
3
979583 495405 621906
14
702442 95838 160536 316414 183850 707159 966542 422609 640755 990514 903924 650143 812959 228630
10
3250 1981 7108 3121 7307 6475 2552 5969 8489 9535
12
9386 3582 1484 1144 1474 8572 1023 2940 772 4804 2608 7981
3
8057 6267 1794
2
8163 915
8
7410 552 1011 739 248 6687 5026 5775
14
8403 6431 5428 5886 1504 9817 1758 5199 886 485 2686 733 2414 2160
12
6466 8639 2801 7313 1135 8503 813 1983 5710 4854 9256 12231
6
1285 3832 3038 7793 9786 14440
12
9783 891 5880 1616 5233 2876 3961 9458 6552 2041 3380 4789
7
672 9106 4064 9284 7302 7995 2347
5
1388 3396 5957 9159 15530
6
130 1077 4789 8125 8703 5013
8
6824 458 5578 5901 2991 2056 667 7655
7
8337 7172 4409 3352 2553 7937 13900
6
4651 6433 2975 9975 3974 10724
9
6405 3451 2548 9362 6737 3783 4613 3886 12453
9
3904 6485 5846 7067 5422 2829 4407 7621 3959
11
4010 5377 451 6053 1943 4614 6200 8252 331 7943 16148
15
1326 9234 5404 873 9523 1852 8914 6914 7128 427 7582 3708 855 2941 8985
10
8283 6250 8670 9447 7257 9644 4346 7448 705 3038
5
5486 7940 9642 1381 10917
6
6214 3648 6963 6135 359 7077
14
8976 8048 3249 1715 3230 7720 8905 2213 3534 3376 5948 3303 7223 2474
8
9795 6090 9337 4577 3102 144 8504 10663
6
4955 2530 8079 9177 9353 614
3
5932 3467 6823
7
3621 3675 5838 8067 151 3353 1213
7
2383 6806 5237 4681 6294 2727 2004
10
8550 1547 596 8277 752 8673 6549 7221 5593 13828
5
1145 2562 8054 91 5282
5
1909 3980 7317 9252 12360
12
8287 4466 2124 5911 2739 9300 9802 311 5305 73 2489 15013
10
6266 632 8672 3355 5368 8471 6573 2434 1119 5990
12
2176 3310 3204 6774 9858 135 2537 6186 2884 8895 45 3212
5
508 2130 2610 1684 1288
10
2068 3301 9425 2336 6094 3151 2389 2954 3643 9134
8
7706 4768 6623 3466 6419 1669 4335 6038
5
3748 4587 7054 1567 7533
10
8672 6676 9483 3797 3203 8615 6987 3565 668 10548
9
8760 4253 2649 8503 6442 188 5731 2400 8030
10
6964 2319 7545 7299 5680 720 2940 1865 2409 637
8
4220 2286 7636 611 192 918 68 1079
13
3613 8125 9 2843 6202 7018 9323 3823 8486 8597 7908 7473 3934
11
1893 9240 5444 5028 7891 311 2736 442 908 3121 16078
10
9433 3356 8170 6824 923 295 9815 832 551 2315
5
3030 2944 6340 4265 2107
5
7251 4753 6907 9308 12389
10
8909 2964 5703 7354 83 7842 9982 8526 2560 12517
4
2301 5609 9964 15352
7
4693 2201 8695 3634 7943 424 11174
4
1975 8886 5677 13100
6
3654 9817 5190 3271 9033 5079
11
8909 6041 5630 9132 1609 2785 3622 3594 3287 2070 2883
11
3459 4104 8336 370 2808 1522 8678 8486 7203 8607 3615
3
4710 999 6737
12
6759 858 9435 8927 5444 3515 8036 4663 739 1985 1075 2948
15
138 2549 6694 4877 7788 3856 5954 6288 7025 6249 8102 6931 4109 1531 3233
8
8432 7423 8827 6112 3394 8366 7831 15087
15
4663 7592 1566 4473 4713 7944 7443 4081 1274 2453 6088 4186 21 175 3388
8
946 3063 121 9119 1918 8285 4826 7770
6
7360 7323 9185 6942 7311 9259
3
1771 8283 9904
9
7664 5601 1014 1282 3692 3465 4384 9403 14491
15
5050 3239 2449 2949 1556 2058 1611 7284 7849 8174 9804 9845 7231 9722 12691
8
9513 7309 6615 5540 5890 4889 3415 15515
4
5481 6614 2236 1027
11
4646 3261 374 8174 143 555 5746 480 7423 9669 4202
7
296 447 2826 2319 9550 7562 14934
9
293 4437 8498 3425 5765 2430 3624 6677 14309
10
1537 1417 2646 7515 9402 6268 1079 6289 2921 16268
3
4308 1576 5884
12
6149 1706 4049 6241 3043 8197 2251 8452 1475 8465 8970 3310
9
5128 6964 3335 3699 4748 414 6843 1789 796
7
1628 6927 5123 9452 3345 2884 11241
8
5455 56 8171 6262 1910 6334 6149 5415
14
6395 2800 8780 190 9905 3703 2310 9253 7785 317 297 3554 3884 8365
7
8283 9237 1740 1215 3463 800 2202
15
7726 6406 8314 3151 1943 5181 5279 4013 7659 3422 8672 8381 6453 7147 4040
9
2551 1296 3523 4852 650 2999 7722 5088 4435
8
6790 1918 6615 6791 2281 1030 3889 7542
8
5995 216 5455 2604 5182 9064 7528 6336
4
8300 1207 478 6192
5
5700 7069 5812 3598 5475
2
6838 8331
4
3777 6000 1000 6745
6
6222 155 6132 6502 1835 4460
