50
3 2
0 1
3 2
6 1
2 2
0 3
1 1
1 4
-3583 82
20 5
-85527 2
-74991 1
-67746 4
-61872 2
-42112 1
-39875 1
-32678 4
-17977 4
-14010 3
-1334 4
16118 1
29461 2
29836 2
35361 4
35370 3
37447 5
37894 2
41983 5
62444 5
65525 1
5 2
-72883 1
-23291 1
6482 1
30082 1
84517 1
1 4
44791 96
20 5
-92257 2
-92085 4
-74010 4
-72410 2
-57455 2
-41362 5
-19246 2
-13929 1
-9369 5
-5143 2
6128 2
10095 3
10102 4
37609 5
65455 1
71224 4
71778 1
76884 3
80056 4
90625 4
9 4
-51885 15
-51860 12
-51840 11
-51818 18
-51795 8
-51774 9
-51753 3
-51738 6
74455 16
1 5
-7126 100
17 4
-20847 7
-20819 8
-20809 5
-20790 2
-20760 1
46483 12
46496 4
46515 6
46540 12
46564 6
46589 10
46599 7
46622 7
46629 6
46658 3
46680 2
46702 1
20 4
-100000 6
-73687 6
-56420 3
-47328 2
-41056 1
-31590 6
-19171 2
-19146 8
-13364 9
2021 1
4697 9
12378 4
16392 1
20604 9
27113 6
41560 8
50713 2
55810 8
81022 7
100000 2
11 2
73966 9
73971 11
73975 11
73980 14
73986 6
73989 14
73990 13
73998 2
73999 3
74006 6
74013 8
5 5
-81982 4
-65229 12
-22059 21
325 36
4823 23
20 3
-100000 2
-99226 11
-90257 9
-71991 6
-45355 2
-44852 8
-28556 8
-9901 8
-8921 6
7255 4
14218 2
35367 4
52767 2
52837 2
57517 10
68505 4
79709 2
83414 4
89460 4
100000 2
9 2
-97171 1
-97158 1
52418 27
52423 23
52447 8
52470 12
52490 15
52516 9
52523 2
20 4
-100000 10
-99715 7
-90549 3
-67275 9
-59158 8
-47388 4
-17186 3
-11944 1
2649 6
9140 3
15244 8
17777 3
25238 3
36965 7
47474 3
51638 3
58888 8
61939 4
81122 5
100000 2
14 5
-64961 1
-55331 1
-55115 1
-34260 1
-16551 1
-8139 1
-920 1
7957 1
19666 1
21711 1
25679 1
31234 1
60486 1
95523 1
20 5
-100000 10
-97131 2
-87085 5
-86233 3
-82489 2
-72397 2
-70596 4
-60040 7
-52030 3
-45419 8
-32631 4
-28988 7
23070 3
33910 7
43627 6
84189 1
85313 4
88620 8
98231 7
100000 7
18 2
-47060 4
-47057 11
-47048 2
-47039 5
-47032 8
-47028 10
-47020 7
-47015 5
-47013 7
-47009 5
-47000 7
-46994 6
-46986 1
-46980 5
-46976 8
-46970 6
-46963 2
-46954 1
15 2
-25 3
-23 3
-21 11
-20 10
-15 9
-14 8
-4 8
-3 13
5 7
6 7
10 3
11 3
23 6
27 2
30 6
20 3
-97830 5
-94895 5
-60318 5
-52927 3
-48329 2
-45290 2
-44448 5
-44438 5
-41340 2
-34853 5
-10001 1
777 4
5254 4
10134 4
11033 1
13857 2
34583 3
37740 4
66053 2
75808 1
20 5
-100000 3
-72514 8
-69335 6
-67436 1
-61224 4
-58623 4
-58456 1
-46323 7
-45290 7
-44206 7
-35903 6
47850 4
57528 7
70605 5
70692 5
78145 6
87683 6
91759 9
97955 2
100000 2
1 2
45463 96
20 4
-97881 5
-79804 1
-72851 5
-67988 1
-59632 5
-59631 2
-55129 3
-53839 2
-39470 1
-30635 5
3863 2
12344 3
24045 5
50355 4
53583 3
67174 2
75593 5
80136 2
96012 2
97574 2
20 3
-100000 7
-92913 2
-91933 8
-81553 5
-64269 6
-61685 2
-53394 3
-39915 4
-4729 6
-3385 1
3750 7
6467 2
6786 3
19293 6
54187 7
77859 7
87368 6
95739 3
96280 6
100000 9
20 2
-96549 8
-81538 3
-65210 9
-64827 1
-52941 7
-48360 8
-28131 4
-27869 5
-14292 3
586 4
34931 6
37721 4
37765 8
43316 5
66571 2
73742 5
79701 6
86297 6
91397 4
95274 2
17 4
-13356 4
-13335 5
-13323 2
-13295 5
-13291 7
-13273 5
-13244 1
15919 7
15930 5
15947 13
15958 5
15962 13
15972 5
15979 8
15996 4
16004 4
16030 6
7 3
-89287 15
-61902 7
-58426 8
-30875 20
-14364 22
-3368 7
11977 18
20 5
-100000 5
-89193 7
-76183 6
-72818 5
-65687 4
-63783 4
-45105 7
-44479 1
-41629 6
-32875 9
-25348 7
-13485 8
-8328 4
1826 5
4642 4
27889 1
40308 2
78494 3
90770 9
100000 3
1 5
78682 100
20 2
-95061 1
-59015 4
-55808 1
-41853 1
-36072 4
-28774 2
-4685 1
3177 1
3588 3
13494 3
29792 4
37525 2
42206 2
51464 3
58507 3
58541 4
64371 3
80959 5
80962 2
97377 3
1 4
-10446 1
14 2
88242 3
88244 12
88253 4
88257 6
88259 8
88264 4
88268 12
88278 5
88286 4
88292 15
88297 10
88300 2
88308 11
88313 2
20 4
-61745 5
-47309 4
-45592 5
-40957 4
-4270 4
25694 2
31152 2
35666 5
44712 2
46398 2
54760 1
67101 1
72400 2
72501 5
75202 1
84064 3
84067 3
88921 2
92883 1
99952 2
20 2
-80896 5
-79447 5
-54659 4
-41482 5
-38564 4
-32309 1
-14222 4
-2071 5
5411 5
5412 4
12116 5
20835 2
27019 2
31651 4
34519 1
45622 1
72777 4
79229 3
91957 4
99421 4
20 5
-100000 5
-99933 3
-99693 2
-96559 8
-93511 7
-75759 9
-69640 7
-68518 3
-38862 2
-38725 6
-32181 10
-20907 3
40701 2
44526 4
55871 1
69746 4
81395 5
88649 4
89925 8
100000 7
20 4
-100000 5
-94374 2
-88291 5
-86848 10
-77329 6
-61413 10
-29864 1
-22568 5
-17734 4
3662 5
3776 9
4241 4
10421 4
13329 4
38405 6
49008 1
57311 4
57771 7
68259 4
100000 4
18 4
-51702 4
-51700 8
-51691 6
-51683 6
-51674 5
-51667 9
-51659 3
-51651 6
-51642 10
-51636 4
-51629 8
-51627 4
-51623 3
-51621 6
-51618 5
-51617 3
-51610 7
-51607 2
16 1
-96156 5
-94993 9
-94801 1
-85325 8
-74428 1
-65649 8
-57257 5
-45009 12
-35231 6
-5021 10
22426 7
43796 7
45542 3
61836 5
65652 7
91105 5
14 3
-39 7
-28 9
-19 4
-10 3
-7 7
-4 7
-1 9
1 14
4 3
7 11
12 7
30 2
33 10
41 7
20 4
-93547 2
-76510 4
-70572 2
-65903 3
-39110 1
-38331 2
-23373 3
-10609 3
-3586 5
-3581 2
-1307 1
17619 3
18312 5
39858 5
53677 2
64380 1
65456 2
69110 5
77988 2
97566 2
20 5
-100000 5
-92173 4
-85258 4
-73861 4
-71273 3
-57394 6
-48979 5
-47477 8
-38631 2
-31543 9
-26829 6
-20708 6
382 2
23180 4
64668 8
64771 2
66857 3
75624 3
76126 8
100000 8
20 5
-100000 10
-76445 9
-71800 6
-59596 8
-49220 2
-45378 2
-973 5
3013 2
12662 2
18960 3
19862 1
23443 6
38151 8
40695 5
43297 13
55451 3
65687 4
65885 2
80782 7
100000 2
20 5
-100000 9
-96835 8
-92405 2
-91224 9
-67655 4
-59548 2
-43144 4
-41517 3
-37881 2
-36069 3
-32385 4
-28748 5
-5622 3
8575 7
14304 5
14433 8
87407 9
92680 2
96369 3
100000 8
20 5
-92446 2
-83235 5
-83221 4
-77588 1
-73374 5
-59566 5
-36936 4
-33924 4
-27474 3
-22565 2
13033 5
30690 3
43199 3
48337 4
59788 5
68698 4
74208 4
80802 4
84087 3
86079 2
1 5
-71287 100
20 5
-100000 5
-91229 4
-63616 3
-44879 2
-29512 6
-27979 8
-7005 6
11793 5
18856 2
24892 6
27670 4
42210 8
42510 1
44076 10
53776 5
56049 4
69330 3
88234 6
94218 7
100000 5
5 1
-5 36
-4 22
-2 14
0 8
4 20
19 1
-65691 5
-53366 3
-33052 2
-30778 2
-28100 8
-24160 3
-22854 2
-4003 10
11244 11
15048 2
15604 5
16039 6
43737 2
49695 10
60450 5
61845 5
70788 9
81954 4
92860 6
20 5
-61144 4
-51483 2
-37695 1
-28732 5
-27392 1
-16710 5
-10275 3
4192 5
4446 1
24607 3
36658 1
50245 3
57472 3
60010 4
64730 1
86996 5
87005 3
88080 2
94070 5
98512 4
