100
5
1 2 3 4 5
3
3 5 6
2
5 6
2
5 5
15
561671 570164 977122 72348 801072 287481 133366 748844 889021 963385 464757 310998 884086 706776 643799
15
267787 25305 43066 303293 518834 115728 729029 254709 926260 278953 719978 403111 376282 914422 905777
12
489457 707659 920755 590532 80711 722109 826990 328410 418931 439485 829975 355418
9
139440 724621 648299 990980 444319 909315 716941 458792 590443
3
31959 314730 812713
9
111145 91409 880009 260689 383078 635112 963069 507652 730775
15
131674 260351 169781 984047 50573 326849 832988 730409 871491 853717 170127 803515 30244 324704 89667
15
32701 384855 938829 616833 765939 524389 314031 902341 943519 891461 737144 404167 994797 177656 739754
12
546793 823451 237032 749286 907951 873012 628852 834862 256886 931961 677817 924939
4
260733 84928 641194 751895
10
6637 2055 5192 7038 828 5280 7233 5661 9995 9239
9
3735 8545 2532 3364 5546 9938 1074 1689 6885
11
9155 8291 7196 2348 2599 406 156 8321 1352 1270 9637
8
7618 6595 867 7051 3852 8848 9509 5200
14
382 3691 944 2931 2234 1328 507 4908 4838 7486 3585 100 2873 4623
5
7563 7112 866 8929 10176
10
1534 3976 811 8267 6841 3092 5908 1849 2670 9720
4
26 6852 5017 2375
13
6573 4002 8002 7347 1546 7851 1160 5563 7419 6247 6310 2850 2932
10
267 9006 443 2119 2691 1684 678 6040 6276 5595
12
5563 7534 2164 9584 5350 9171 2363 3674 1657 7034 7894 7343
9
226 4305 8963 9835 2587 7836 9432 8203 1295
7
7701 9591 4484 4009 9301 488 242
12
2656 9143 3916 1154 8413 7349 9890 5707 365 7011 3259 14381
5
4261 2362 3862 2403 8170
8
3193 4218 1104 6643 5898 8793 5946 9161
2
5055 6259
3
3196 8728 11876
14
4722 8637 7317 9320 4535 1755 7748 3809 4743 3348 3670 4145 9540 10315
15
9973 8776 8018 5231 9201 8870 9393 36 541 8529 7108 8896 1609 4893 9566
8
562 856 9383 8284 3405 4807 6224 587
8
9082 7984 5607 7123 6337 5992 7486 8425
12
6132 6736 5709 8119 2420 891 3768 5712 7453 950 2848 6525
12
5557 8958 4452 1118 1102 8352 5039 6157 4033 6679 5506 2663
12
6742 1014 1009 9110 1949 762 6157 2503 2511 457 6622 15538
5
1632 5678 8809 6773 10322
13
4132 1588 895 7217 1079 2082 740 4940 9297 7921 6743 4287 2277
13
1097 6892 8327 1610 218 113 5816 6835 74 8572 9656 6685 10843
6
3911 6676 4761 1191 1394 1567
11
4515 6355 7112 9699 3872 1461 9533 4549 1527 704 3585
8
8823 5143 7427 284 4744 7814 5521 13280
6
5581 8371 348 9866 7174 3758
4
8296 9440 3964 3060
11
4880 274 5030 2892 6884 5823 9170 4339 9358 2613 6953
8
7861 8868 9686 8755 6558 5955 3422 14455
7
8754 5481 5776 4819 1093 7391 11138
14
2939 9761 1849 4492 5824 3217 1676 604 9074 5702 3824 4156 2155 1789
14
2916 7846 7768 3169 6797 8698 8516 2027 4743 1799 8290 433 2534 10134
6
4317 7864 505 9987 9978 3685
10
495 616 5209 1959 1191 1201 407 9008 4120 8912
3
3691 2738 1241
5
3519 6615 119 3039 8128
11
8268 4376 7059 673 8838 7727 2955 7534 451 17 1016
13
7040 1616 2146 4812 5965 6991 8012 8012 6517 3182 8610 2278 14115
13
3263 9438 5406 301 9669 5553 6857 6342 5025 7502 1172 5688 4714
8
9322 9042 711 752 8795 2079 5672 6762
10
722 4145 4965 7375 14 7459 4103 4126 6132 6025
8
5401 8178 8937 625 1918 4037 7852 15460
9
7776 7321 8150 8061 6214 9140 9574 3568 4406
6
6932 8563 5197 143 4219 16094
15
9962 6302 5820 3212 8347 4798 1240 312 1406 2129 836 7360 7691 1396 6741
11
3626 1804 6770 4013 338 4688 3223 1554 3183 270 5538
15
7748 2291 5858 6721 2446 8404 9408 782 6875 928 1007 7474 9132 6037 10015
13
4300 186 8929 5093 900 2772 663 4760 7516 573 4490 7493 11139
12
5195 9298 836 1732 6039 4263 5955 7753 1323 8470 7886 336
11
5669 8348 6886 2246 567 1421 1033 1165 9957 752 1970
10
7965 2746 6277 9261 7554 1366 5244 9797 3400 3754
4
8527 6953 8270 6696
4
1924 5815 6816 2963
8
5268 2061 5838 2118 4875 328 7347 3297
5
4290 9772 7727 3249 9328
11
9361 3813 4232 6186 6684 3112 1688 1141 9233 9198 12784
10
5650 4965 5229 5555 1816 5564 9660 5057 6710 14918
9
3538 5514 8721 6507 808 9150 4362 9130 8750
8
2027 8097 3442 5615 8350 162 865 9098
3
2699 92 2775
9
4655 4890 1118 1001 6295 2748 7586 8741 11054
4
8965 9848 8960 9853
12
6289 8092 6956 3062 1298 9039 7332 8825 3056 9147 7831 14731
13
9973 3158 9808 7989 6325 5255 6839 4550 7714 8267 5595 6871 9696
14
8742 4772 5277 5259 7687 3304 873 1067 3289 244 8016 2492 8025 369
13
8480 1189 1641 5478 2763 623 4061 979 8887 6592 293 8554 10520
12
5650 8493 1091 1424 5980 2502 2583 8138 1893 120 7500 7059
7
2033 9013 3935 8708 3434 9983 4933
15
9140 7872 1116 7265 1554 3065 4188 2482 5340 7862 9695 4656 2839 5728 3511
10
6379 8637 2902 6976 6412 7448 6144 6500 157 11437
9
7333 4708 3856 3882 121 6484 2623 1681 7032
3
3442 2288 1410
7
6286 9129 3537 2252 122 4063 9175
9
6989 8039 3509 4603 2091 5801 1271 5026 8294
11
294 9148 3426 6355 7466 8050 1303 1045 9171 8029 2303
7
6164 7567 6160 2316 5791 8293 8829
8
8644 7611 8343 8965 1796 3192 1339 12714
3
3253 159 3114
13
2680 1019 6866 6339 1703 5562 6650 3362 191 3891 8198 1323 4084
5
5654 8885 8364 1782 4857
